iterations: 50
max moves: 1000
increment: 32.0
epsilon: 0.125

time: 17.8041
sum: 14046
64.0, 192.0, 0.0, -16.0, -0.125, 0.0, 96.0, 56.0, 32.0, 0.0, 32.0, 0.0, 8.0, 0.0, 0.0, 0.0, 0.0, 0.0, 0.0, 32.0, 0.0, 32.0, 62.0, 0.0, 0.0, 64.0, 0.0, 0.0, 0.0, 0.0, -8.0, -32.0, 32.0, 0.0, -8.0, 0.0, -0.5, 64.0
time: 34.04085
sum: 15020
64.0, 192.0, 0.0, 16.0, -0.125, 0.0, 96.0, 56.0, 32.0, 0.0, 32.0, 0.0, 8.0, 0.0, 0.0, 0.0, 0.0, 0.0, 0.0, 32.0, 0.0, 32.0, 62.0, 0.0, 0.0, 64.0, 0.125, 0.0, 0.0, 0.0, 24.0, -32.0, 32.0, 0.0, -8.0, 0.0, -0.5, 64.0
time: 51.23085
sum: 15540
64.0, 192.0, 0.0, 16.0, -64.125, 0.0, 96.0, 24.0, 32.0, 0.0, 32.0, 0.0, 8.0, 0.0, 0.0, 0.0, 0.0, 0.0, 0.0, 0.0, 0.0, 32.0, 54.0, 0.0, 0.0, 64.0, 0.125, 0.0, -32.0, 0.0, 24.0, -32.0, 32.0, -0.125, -8.0, 0.0, -0.5, 62.0
time: 69.8329
sum: 17026
64.0, 224.0, 0.0, 16.0, -64.125, 0.0, 96.0, 24.0, 32.0, 0.0, 32.0, 0.0, 10.0, 0.0, 0.0, 0.0, 0.0, 0.0, 0.0, 0.125, 32.0, 32.0, 54.0, 0.0, 0.0, 64.0, 0.125, 0.0, -32.0, 32.0, 24.0, -32.0, 40.0, -0.125, -8.0, 0.0, -0.5, 62.0
time: 87.25721666666666
sum: 17568
64.0, 224.0, 0.0, 16.0, -64.125, -2.0, 94.0, 24.0, 0.0, 0.0, 32.0, 0.0, 2.0, 0.0, 0.0, 0.0, 0.0, 0.0, 0.0, 0.125, 32.0, 0.0, 52.0, -0.125, 0.0, 32.0, 0.125, 0.0, -32.0, 32.0, 16.0, -32.0, 40.0, -0.125, -8.0, 0.0, -0.5, 60.0
time: 106.15463333333334
sum: 18205
64.125, 288.0, 0.0, 16.0, -64.125, -2.0, 94.0, 24.0, 0.0, 0.0, 32.0, 0.0, 2.0, 0.0, 0.0, 0.0, 0.0, 0.0, 0.0, 0.125, 32.0, 0.0, 52.0, -0.125, 0.0, 32.0, 64.125, 0.0, -32.0, 32.0, 16.0, 8.0, 40.0, -0.125, -8.0, 0.0, -0.5, 60.0
