iterations: 100
max moves: 1000
increment: 32.0
epsilon: 0.125

time: 17.02375
sum: 29932
48.0, 248.0, 32.0, 0.0, 0.0, 0.0, 96.0, 0.0, 8.0, 0.0, 0.0, 32.5, 2.0, 0.0, 0.0, 0.0, 0.0, 0.0, 2.0, 0.0, 0.0, 0.0, 0.0, 0.0, 8.0, 0.0, 0.0, 0.0, 10.0, 0.0, 0.0, 8.0, 8.0, 8.0, 32.0, 8.0, 0.0, 64.0
time: 38.38525
sum: 39706
48.0, 248.0, 22.0, 0.0, 0.0, 0.0, 32.0, 0.0, 8.0, 0.0, 0.0, 0.5, 2.0, 0.0, 0.0, 0.0, 0.0, 0.0, -30.0, 0.0, 0.0, 0.0, 0.0, 0.0, 8.0, 0.0, 0.0, -32.0, 8.0, 0.0, 0.0, 8.0, 8.0, 8.0, 0.0, 8.0, 0.0, 64.0
time: 59.24336666666667
sum: 39354
48.0, 248.0, 22.0, 0.0, 0.0, 0.0, 32.0, 0.0, 8.0, 0.0, 8.0, 0.5, 2.5, 0.0, 0.0, 0.0, 0.0, 0.0, -30.0, 0.0, 0.0, 0.0, 0.0, 0.0, 8.0, 0.0, 32.0, -32.0, 8.0, 0.0, 0.0, 8.0, 8.0, 40.0, 0.0, 8.0, 0.0, 64.0
time: 80.27803333333334
sum: 39582
48.0, 248.0, 22.0, 0.0, 0.0, 0.0, 32.0, 0.0, -24.0, -32.0, 8.0, 0.5, 2.5, 0.0, 0.0, 0.0, 0.0, 0.0, -30.0, 0.0, 0.0, 0.0, 0.0, -2.0, 8.0, 0.0, 0.0, -32.0, 8.0, 0.0, 0.0, 8.0, 8.0, 40.0, -8.0, 8.0, 0.0, 64.0
time: 102.76833333333333
sum: 39677
48.125, 312.0, 22.0, 0.0, 0.0, 0.0, 32.0, 0.0, -24.0, -32.0, 8.0, 1.0, 2.5, 0.0, 0.0, 0.0, 0.0, 0.0, -30.0, 0.0, 0.0, 0.0, 0.0, -2.0, 8.0, 0.0, 0.0, -30.0, 8.0, 0.0, 0.0, 8.0, 16.0, 40.0, -8.0, 8.0, 0.0, 96.0
time: 124.75971666666666
sum: 39502
48.125, 312.0, 22.0, 0.0, 0.0, 0.0, 32.0, 0.0, -24.0, -32.0, 8.0, 1.0, 2.5, 0.0, 0.0, 0.0, 0.0, 0.0, -30.0, 0.0, 0.0, 0.0, -34.0, -2.0, 8.0, 0.0, 0.0, -30.0, 8.0, -8.0, 0.0, 8.0, 16.0, 40.0, -8.0, 8.0, -0.125, 96.0
time: 150.4741
sum: 39727
48.125, 312.0, 22.0, 0.0, 0.0, 0.0, 32.0, 0.0, 8.0, -32.0, 8.0, 1.0, 2.5, 16.0, 0.0, 0.0, 0.0, 0.0, -30.0, 0.0, 0.0, 0.0, -2.0, -2.0, 8.0, 0.0, 8.0, -30.0, 8.0, 0.0, 0.0, 16.0, 16.0, 40.0, -8.0, 8.0, 31.875, 96.0
