iterations: 50
max moves: 1000
increment: 32.0
epsilon: 0.125

time: 16.143516666666667
sum: 1593
64.125, 32.0, -6.0, 0.0, 64.0, 32.0, 96.0, 34.0, -24.0, 0.0, 8.0, 0.0, -40.0, 0.0, 0.0, 0.0, 128.0, 0.0, -32.0, 8.0, 24.0, 12.0, 0.0, 34.0, 8.0, 32.0, 0.0, 0.0, 0.0, 56.0, 32.0, 0.0, 8.0, 5.5, 2.0, 7.5, -0.125, 32.5
time: 33.00808333333333
sum: 2652
62.125, 32.0, 26.0, 32.0, 64.0, 64.0, 94.0, 2.0, -24.0, 40.0, 40.0, 0.0, -72.0, 0.0, 0.0, 0.0, 0.0, 0.0, -30.0, 8.0, 56.0, 44.0, 0.0, 42.125, 8.0, 32.0, 0.0, 0.0, 8.0, 24.0, 32.0, -32.0, 16.0, 5.5, 2.0, -24.5, -32.125, 62.5
time: 49.50796666666667
sum: 6838
62.125, 200.0, 34.0, 32.0, 64.0, 24.0, 160.0, 2.0, -24.0, 40.0, 40.0, 0.0, -40.0, 0.0, 0.0, 0.0, 0.0, 0.0, -30.0, 8.0, 40.0, 76.0, 32.0, 50.125, 8.125, 24.0, 0.0, 0.0, 8.0, 56.0, 32.0, 32.0, 15.5, -10.5, 1.875, -24.0, 7.875, 62.5
time: 67.95551666666667
sum: 9090
94.125, 200.0, 34.0, 32.0, 0.0, 24.0, 160.0, 2.0, -16.0, 40.0, 40.0, 0.0, -8.0, 0.0, 0.0, 0.0, 0.0, 0.0, -32.0, 8.0, 40.0, 44.0, 0.5, 50.125, 8.125, 24.0, 0.0, 0.0, 8.0, 32.0, 32.0, 64.0, 15.5, -2.0, 1.875, -24.0, 7.875, 72.5
time: 85.45008333333334
sum: 13879
102.125, 280.0, 2.0, 32.0, 0.0, -8.0, 160.0, 2.0, -16.0, 40.0, 72.0, -8.5, -8.0, 0.0, 0.0, 0.0, 0.0, 0.0, -32.0, 8.0, 72.0, 44.0, 0.5, 50.125, 8.125, 24.0, 0.0, 0.0, 8.0, 32.0, 32.125, 64.0, 15.5, -2.0, 1.875, -24.0, 7.875, 72.5
