iterations: 50
max moves: 1000
increment: 32.0
epsilon: 0.125

time: 16.013066666666667
sum: 482
64.0, 32.5, 32.0, 32.0, 0.0, 97.5, -0.125, 32.0, 24.0, 8.0, -40.0, -36.0, 56.0, 0.0, 30.0, -64.125, 8.0, 24.0, 0.0, -31.875, -38.0, -64.0, 0.0, 40.0, -96.0, 32.0, 144.0, 31.5, 32.0
time: 31.85275
sum: 595
104.0, 30.375, 0.0, 32.125, 2.0, 33.5, -0.125, 40.0, 56.125, -24.0, -16.125, -34.0, -40.0, -34.5, 30.0, -71.625, 40.0, 24.0, 0.0, -63.875, -38.5, -56.0, 32.0, 8.125, -32.0, 8.0, 82.0, 33.5, 40.0
