iterations: 50
max moves: 2147483647
increment: 32.0
epsilon: 0.125

time: 16.846283333333332
sum: 323
8.0, 32.0, 96.0, 8.0, -24.0, 0.0, -32.0, 128.0, 0.0, -32.5, 0.0, 0.0, 0.0, 18.0, 64.0, -192.0, 0.0, 96.0, 24.0, 0.0, 32.0, -96.0, 0.0, 64.0, -2.0, 0.0, -2.0, 0.0, 32.125, 0.5, 8.0, 8.0, -0.125, 32.0, -32.0, -32.0, -64.0, 32.0
time: 32.3756
sum: 392
40.0, 32.0, 127.875, 8.0, -24.0, 0.0, -66.0, 136.0, 0.0, -32.5, -32.0, -32.0, 0.0, -14.0, 32.0, -192.0, 0.0, 96.0, 24.0, 0.0, 0.0, -64.0, -32.0, 64.0, -2.0, 32.0, 29.875, -2.0, 30.125, 0.5, 40.0, 6.0, -64.125, 31.5, -64.0, -64.0, 34.0, 32.0
time: 47.53966666666667
sum: 363
7.5, 32.0, 127.875, 72.0, 72.0, 32.0, -34.0, 144.125, 32.0, -34.5, -32.0, -32.0, 0.0, -14.0, 64.0, -192.0, -2.0, 98.0, 24.0, 0.0, 0.0, -96.0, -24.0, 63.875, -2.0, 0.0, 29.875, 62.0, 62.25, -31.5, 40.0, 70.0, -64.125, 23.5, -30.5, -64.0, 2.0, 32.0
time: 63.162866666666666
sum: 412
-0.5, 0.0, 103.875, 40.0, 72.0, 32.5, -34.0, 142.125, -30.0, -34.5, -8.0, 0.0, -24.125, -14.0, 64.0, -224.0, 30.0, 106.0, -8.0, -24.0, 32.0, 0.0, 8.0, 31.875, 6.0, 0.0, 61.875, 54.0, 62.25, -31.5, 72.0, 38.0, -64.125, -8.5, -30.5, -63.875, 161.875, 0.0
