iterations: 50
max moves: 1000
increment: 32.0
epsilon: 0.125

time: 19.414916666666667
sum: 6849
96.0, 160.0, 32.0, 0.0, -32.5, 32.0, 181.5, 28.0, 0.0, -64.5, 32.0, -128.0, 0.0, 0.5, 0.0, 0.0, 0.0, 0.0, -32.0, -2.0, 106.0, 0.0, 63.5, -24.125, 0.5, 32.0, 0.0, 0.0, 128.0
time: 36.40958333333333
sum: 11456
95.5, 320.0, 40.0, -32.0, -32.5, 32.0, 181.5, 28.0, -0.5, -62.5, 32.0, -120.0, 0.0, 0.5, 0.0, 0.0, 0.0, 0.0, -32.0, -2.0, 106.0, 0.0, 63.5, -24.125, 32.5, 96.0, -32.0, -32.0, 128.0
