iterations: 50
max moves: 2147483647
increment: 32.0
epsilon: 0.125

time: 31.306166666666666
sum: 28759
32.0, 136.0, 0.5, 0.0, 0.0, 0.5, 32.0, 0.0, 128.0, 0.0, 0.0, 0.0, 0.0, 0.0, 0.0, 0.0, 0.0, 0.0, 0.0, 0.0, 0.0, 2.0, 32.0, 0.0, 0.0, 18.0, 32.0, 2.0, 0.0, 0.0, 0.0, 0.0, 32.0, 0.0, 0.0, 0.0, 0.0, 32.0
time: 64.12883333333333
sum: 39349
31.875, 136.0, -7.5, 0.0, 0.0, 0.5, 32.0, 0.0, 128.0, 0.0, 0.0, 0.0, 0.0, 0.0, 0.0, 0.0, 0.0, 0.0, -16.0, 0.0, 0.0, 2.0, 24.0, 0.0, 0.0, 18.0, 32.0, 2.0, 0.0, -8.0, -8.0, 0.0, 8.0, -32.0, 0.0, 0.0, 0.0, 32.0
