iterations: 50
max moves: 1000
increment: 32.0
epsilon: 0.125

time: 16.088533333333334
sum: 636
64.0, 32.0, 0.0, 32.0, -7.875, 0.0, 63.875, 96.0, 34.0, -48.0, -0.5, 34.0, 0.0, 32.0, -32.0, -96.0, 0.5, 64.5, 32.0, -32.5, 0.0, 0.0, 0.0, -32.0, 0.0, 0.0, 32.0, 0.0, 2.0, 31.5, -32.0, -8.0, 0.0, 40.0, 0.0, -96.0, 32.0, 0.0
time: 32.0012
sum: 762
160.0, 31.875, 0.0, 24.0, -7.875, 0.0, 63.875, 96.0, -30.0, -16.0, -8.5, 34.0, -32.0, 32.0, -32.0, -96.0, -7.5, 64.5, 64.0, 1.5, 0.0, -54.0, 0.0, -32.0, 96.0, 0.0, 31.5, -8.0, 2.0, -32.5, -32.0, 0.0, 0.0, 32.0, -64.0, -96.0, 30.0, 0.0
time: 48.0484
sum: 906
160.0, 103.875, 8.0, 24.0, -7.875, 0.0, 159.375, 128.0, 2.0, 16.125, 31.5, 34.0, -66.0, 0.0, -32.0, -96.0, 0.5, 64.5, 88.0, 1.5, 32.0, -24.0, 0.0, -32.0, 32.0, 8.0, -0.5, -40.0, 2.0, -32.5, -72.0, 0.0, 0.0, 0.0, -87.875, -96.0, 30.0, 8.0
time: 63.99418333333333
sum: 872
192.0, 103.875, 8.0, 24.0, 24.125, 0.0, 191.375, 72.125, 2.0, 16.125, 31.5, 2.0, -66.0, 32.0, -32.0, -96.0, 32.5, 64.375, 88.0, 1.5, 32.0, -24.0, 0.0, -64.0, 32.125, -56.0, -0.5, -8.0, 34.0, -32.5, -72.5, 71.5, 0.0, 8.0, -55.875, -96.5, 30.0, 8.0
time: 79.4348
sum: 962
192.0, 71.875, 0.0, 24.0, 24.125, 64.0, 255.375, 72.125, 2.0, 16.125, 31.5, -34.125, -98.0, -32.0, -32.0, -96.0, 32.5, 64.375, 120.0, 1.5, 32.0, -24.0, 32.0, -64.0, 32.125, -64.0, -0.5, -40.0, 32.0, -32.5, -72.5, 71.5, 0.0, 38.0, -55.875, -128.5, 62.0, 10.0
time: 96.4697
sum: 949
192.0, 105.875, -32.0, 24.0, 56.125, 96.0, 255.375, 72.125, 2.0, 16.625, -0.5, -98.125, -66.0, -32.0, -32.0, -96.0, 35.0, 64.375, 120.0, 33.5, 96.0, -24.0, 32.0, -32.0, 0.125, -64.0, 7.5, -48.0, 62.0, -32.625, -72.5, 71.5, 0.0, 46.0, 72.125, -64.5, 86.0, 44.0
time: 112.88166666666666
sum: 966
190.0, 41.875, -16.0, -8.0, 120.125, 128.0, 263.375, 40.125, 2.0, -119.375, -32.5, -98.125, -66.0, -40.0, -32.0, -96.0, 35.0, 64.375, 86.0, 65.5, 64.0, -24.0, 64.0, 0.0, -39.875, -64.0, 7.5, -112.0, 64.125, -32.625, -72.5, 61.5, 0.0, 110.0, 168.125, -32.5, 86.0, 44.0
