iterations: 50
max moves: 1000
increment: 32.0
epsilon: 0.125

time: 16.850966666666668
sum: 1459
126.0, 0.5, 32.0, 32.0, 32.0, -32.0, 128.0, 56.0, 0.0, -96.0, 64.0, -32.0, -64.0, -62.0, -0.125, 0.0, 64.5, 0.0, -56.0, 0.0, 32.5, 0.0, -32.0, 0.0, 8.0, -8.0, -32.5, 0.0, 0.0, -32.0, -8.0, -24.0, 0.0, -32.0, 72.0, -16.0, 0.0, 32.0
time: 32.73215
sum: 3116
158.0, 0.5, 32.0, 64.0, 24.0, -32.0, 64.0, 58.0, -64.0, -96.0, 72.0, 6.0, -56.0, -126.0, -0.125, 0.0, 0.5, 0.0, -24.0, 64.0, 32.5, 0.0, 32.0, 0.0, 8.0, 22.0, 29.5, -32.0, 0.0, -32.0, 0.0, 8.0, -40.0, -64.0, 38.0, -16.0, -8.0, 30.0
time: 50.68875
sum: 3509
158.0, 64.5, 32.0, 128.0, 24.0, -32.0, 64.0, 58.0, -72.0, -96.0, 72.0, 6.0, -56.0, -158.0, -0.125, 0.0, 0.5, 0.0, -56.0, 32.0, 32.5, 0.0, -32.0, 32.0, 8.0, 22.0, 29.625, -32.0, 32.0, -24.0, 0.0, 8.0, -40.0, -64.0, 38.0, -16.0, 24.0, 54.0
time: 67.4837
sum: 4327
158.0, 96.5, 40.0, 96.0, 24.0, -32.0, 64.0, 58.0, -40.0, -96.0, 80.0, 6.0, -56.0, -126.0, -0.125, 0.0, 0.5, 0.0, -64.0, 32.0, 64.5, 32.0, 0.0, 64.0, 8.0, 22.0, 61.625, -32.0, 32.0, 0.0, 0.0, 8.0, -8.0, 0.0, 40.0, -16.0, 24.0, 22.0
time: 86.53986666666667
sum: 4771
158.0, 128.5, 8.0, 96.0, 56.5, -32.0, 64.0, 58.0, -40.0, -128.0, 80.0, 5.875, -88.0, -118.0, -0.125, 0.0, 0.5, 0.0, -88.0, 32.0, 64.5, 32.0, 32.0, 128.0, 8.0, 54.0, 69.625, -32.0, 64.0, 24.0, 0.0, 8.0, 56.5, 0.0, 8.0, -16.0, 24.0, 20.0
