iterations: 50
max moves: 1000
increment: 32.0
epsilon: 0.125

time: 15.245566666666667
sum: 3275
64.0, 16.0, 0.0, 64.0, -64.0, 0.0, 128.0, 0.0, -32.0, 32.0, 8.0, 0.0, -31.5, 64.0, 0.0, 0.0, 0.0, 0.0, 0.0, 0.125, 32.0, 0.0, -32.0, 64.0, 6.0, 0.0, 0.5, 0.0, 0.0, 0.0, 0.0, 0.5, 32.0, 8.0, -23.5, 0.0, 0.0, 56.0
time: 33.1441
sum: 3281
64.0, 16.0, 0.0, 64.0, -64.0, 0.0, 120.0, 0.0, -32.0, 32.0, -24.0, -32.0, -63.5, 64.0, 0.0, 0.0, 0.0, 0.0, -8.0, 32.125, 32.0, 0.0, -32.125, 64.0, 6.0, 0.0, 0.5, 0.0, 0.0, 8.0, 0.0, 0.5, 32.0, 8.0, 40.5, 0.0, 0.0, 57.5
time: 55.23045
sum: 10086
64.0, 144.0, 0.0, 64.0, -64.0, 0.0, 120.0, 0.0, 0.0, 32.0, -24.0, -34.0, -63.5, 64.0, 0.0, 0.0, 0.0, 0.0, -8.0, 32.125, 32.0, 0.0, 7.875, 64.0, 70.0, 32.0, 0.5, 0.0, 0.0, 8.0, 0.0, 0.5, 32.0, 8.0, 48.5, 0.0, 0.0, 89.5
time: 72.37393333333333
sum: 15968
64.0, 272.0, 40.0, 64.0, -64.0, 0.0, 120.0, 0.0, 0.0, 32.0, 40.0, -34.0, -63.5, 64.0, 0.0, 0.0, 0.0, 0.0, -8.0, 32.125, 32.0, 0.0, 39.875, 64.0, 70.0, 32.0, 0.5, 2.0, 0.0, 8.0, 0.0, 33.0, 32.0, 40.0, 48.5, 0.0, 32.0, 89.5
time: 87.92796666666666
sum: 15375
64.0, 272.0, 40.0, 64.0, -64.0, 0.0, 120.0, 0.0, 0.0, 31.5, 32.0, -34.0, -63.5, 32.0, 0.0, 0.0, 0.0, 0.0, -8.0, 32.125, 32.0, 0.0, 39.875, 64.0, 70.0, 32.0, 0.5, 2.0, 0.0, 8.0, 0.0, 33.0, 32.0, 40.0, 16.5, 0.0, 32.0, 25.5
time: 103.49041666666666
sum: 16461
64.0, 312.0, 40.0, 64.0, -64.0, 0.0, 120.0, 0.0, 0.0, 31.5, 32.0, -34.0, -63.5, 32.0, 0.0, 0.0, 0.0, 0.0, -8.0, 32.125, 32.0, 0.0, 39.875, 64.0, 70.0, 32.0, 0.5, 2.0, 0.0, 8.0, 0.0, 33.0, 32.0, 40.0, 16.5, 0.0, 32.0, 25.5
