iterations: 50
max moves: 1000
increment: 32.0
epsilon: 0.125

time: 20.64485
sum: 19485
32.0, 160.0, 0.0, 0.0, -32.0, 0.0, 32.0, 0.0, 0.0, 0.0, -14.0, 0.0, 0.0, 0.0, 0.0, 0.0, 0.0, 0.0, -8.0, 0.0, -0.5, 0.0, 2.0, -8.0, 0.0, 2.0, 0.0, 0.0, 32.0
time: 36.120066666666666
sum: 19870
32.125, 232.0, 0.0, 0.0, -32.0, 0.0, 32.0, 0.0, 34.0, 0.0, -14.0, 0.0, 0.0, 0.0, 0.0, 0.0, 0.0, 0.0, 0.5, 0.0, -0.5, 8.0, 2.0, 24.0, 0.0, 2.0, 0.0, 0.0, 64.0
