iterations: 50
max moves: 2147483647
increment: 32.0
epsilon: 0.125

time: 31.2732
sum: 16291
32.0, 160.0, 32.0, 0.0, 64.0, 0.0, 64.0, 0.0, 160.0, 0.0, 0.0, -32.0, 0.0, 0.0, 0.0, 0.5, 0.0, 0.0, 0.0, 0.0, -8.0, 0.0, 32.0, 32.0, 8.0, 0.0, 32.0, -32.0, 0.0, 0.0, 0.0, 0.0, 0.0, 8.0, 0.0, 0.0, 32.0, 32.0
time: 51.104416666666665
sum: 20205
32.0, 160.0, 32.0, 0.0, 64.0, 0.0, 64.0, 8.0, 160.0, 0.0, 0.0, -32.0, 0.0, 0.0, 0.0, 0.5, 0.0, 0.0, 0.0, 0.0, -8.0, 32.0, 32.0, 32.0, 40.0, 32.0, 32.0, -32.0, 0.0, 0.0, 32.0, 0.0, 0.0, 8.0, 0.0, 0.0, 32.0, 32.0
time: 70.23913333333333
sum: 24559
24.0, 160.0, 32.0, -8.0, 64.0, -16.0, 32.0, 8.0, 96.0, 0.0, 0.0, -32.0, 0.0, 0.0, 0.0, 0.5, 0.0, 0.0, -8.0, 0.0, -8.0, 32.0, 32.0, 32.0, 39.5, 32.0, 32.0, -32.0, -32.0, 0.0, 30.0, 0.0, 0.0, 8.0, 0.0, 0.0, 32.0, 32.0
