iterations: 50
max moves: 2147483647
increment: 32.0
epsilon: 0.125

time: 15.928183333333333
sum: 664
64.125, 2.0, 0.0, 0.0, -70.0, -64.0, 96.0, 0.0, 0.0, -8.375, 32.0, 24.0, -32.0, 0.0, 0.0, -64.0, 86.0, 32.0, 0.0, -32.0, -24.0, 32.125, 8.0, 40.0, 0.0, 0.0, 8.0, 0.0, 40.0, 64.0, 56.0, -8.0, 32.0, 32.0, 0.0, 31.5, 32.0, 128.0
time: 31.9342
sum: 684
56.125, -30.0, -8.0, 32.0, -68.0, -96.0, 160.0, -32.0, 0.0, -96.375, -8.0, 24.0, -32.0, 128.0, 0.0, -63.5, 86.0, 32.0, 0.0, -64.0, -24.0, 0.125, -22.0, 40.0, 0.0, 0.0, 16.0, 40.0, -24.0, 32.0, 56.0, -8.0, 66.0, 32.0, 66.0, 63.5, 32.0, 32.0
time: 48.010783333333336
sum: 719
64.125, 2.0, -40.0, 32.5, -36.5, -104.0, 162.0, -32.0, -7.875, 31.625, -7.5, 56.0, -96.0, 128.0, 0.0, -63.5, 150.0, 31.875, -16.0, -64.0, -22.0, 0.125, -24.0, 72.0, 8.0, -64.0, 47.875, 8.0, -23.5, 32.0, 56.0, 24.0, 66.0, 32.0, 65.875, -8.625, 32.0, 24.0
time: 63.19263333333333
sum: 760
32.125, -30.0, -42.0, 32.5, 29.5, -136.0, 162.0, -32.0, -7.875, 29.625, -7.5, -135.5, -160.0, 127.875, 0.0, -63.5, 158.0, 31.875, -50.125, -34.0, -30.25, 0.125, -88.0, 104.0, 8.0, 0.0, 13.875, -16.0, 8.5, 64.0, 56.0, 24.0, 66.0, 0.0, 33.875, -0.625, 96.0, 56.125
time: 79.65698333333333
sum: 831
98.125, -30.0, -42.0, 104.5, 37.5, -136.0, 164.0, -58.0, 24.125, 21.625, -7.5, -167.5, -192.0, 163.875, 0.0, -63.5, 190.0, 31.875, -50.125, 22.0, -30.25, 32.125, -88.0, 136.0, 7.875, 0.0, 13.875, -80.0, 9.0, 24.0, 56.0, -8.0, 58.0, -32.0, 33.875, 7.375, 64.125, 56.125
time: 95.39068333333333
sum: 758
98.125, -29.5, -42.0, 136.5, 37.5, -134.0, 132.0, -57.5, 24.125, 21.625, -103.5, -167.5, -192.0, 99.875, 0.0, -63.625, 190.0, 31.875, -50.625, -10.0, -30.25, 32.125, -88.0, 200.125, 7.875, -0.5, 37.875, -78.0, 9.0, 56.0, 88.0, 24.0, 90.0, -32.0, 33.875, 6.875, 66.125, 88.125
