iterations: 50
max moves: 1000
increment: 32.0
epsilon: 0.125

time: 18.015233333333335
sum: 19282
0.0, 16.0, 0.0, 0.0, -1.375, 32.0, 0.0, 0.0, -2.0, 2.0, 0.0, 0.0, 0.0, 0.0, 0.0, -0.125, 10.0, -8.0, 8.5, 0.0, 10.0, 0.0, 8.0, 0.0, 0.0, 0.0, 8.0, 3.2, 56.0
time: 35.48838333333333
sum: 18406
0.0, 24.0, 0.0, 0.0, -1.375, 30.0, 0.0, -8.0, -2.0, 0.0, 0.0, 0.0, 0.0, 0.0, 0.0, -0.125, 10.0, -8.0, 8.5, 0.0, 10.0, 0.0, 8.125, 0.0, 0.0, 0.0, 8.0, 3.2, 56.0
time: 55.240833333333335
sum: 19750
0.0, 24.0, 0.0, 0.0, 0.625, 30.0, -0.5, -6.5, -1.875, 2.0, 0.0, 0.0, 0.0, 8.0, 0.0, -0.125, 10.0, -8.0, 9.0, 0.0, 10.0, 0.0, 8.125, 0.0, 0.0, 6.0, 8.0, 3.2, 56.0
